200     40.1    20.1    20.0    20.0    20.0    0.0     7.2     791.8   100
400     80.0    40.0    40.0    40.0    40.0    0.0     9.3     1578.2  100
600     119.8   59.9    59.4    59.9    60.4    0.7     15.4    2364.4  100
800     160.0   80.0    78.6    79.3    80.0    1.0     16.2    3156.6  100
1000    174.3   87.1    73.0    82.2    91.4    13.0    1272.7  3439.3  100
1200    239.6   119.8   119.6   119.8   120.0   0.3     18.9    4728.9  100
1400    177.5   88.9    84.6    87.5    90.0    2.7     2702.7  3499.3  100.238663484487
1600    318.5   159.3   158.4   159.2   160.0   1.1     21.1    6285.8  100
1800    333.8   166.9   164.8   168.5   172.1   5.2     362.0   6587.3  100
2000    180.7   96.0    82.6    88.2    94.0    4.7     2897.2  3466.0  124.740124740125
2200    299.7   149.8   169.4   171.2   174.8   3.1     1185.1  5913.9  100
2400    156.5   83.6    77.2    83.0    88.2    5.4     4007.0  2952.9  155.92853275582
2600    248.8   125.0   82.6    154.3   190.8   48.7    1716.3  4887.6  100.905562742561
2800    330.6   166.0   173.4   177.7   184.1   5.7     1681.2  6520.2  107.62331838565
3000    176.9   99.1    68.8    79.4    84.8    7.5     3993.4  3078.7  218.844984802432
3200    352.3   176.7   179.6   182.5   186.2   3.4     1823.0  6939.6  120.037511722413
3400    154.1   86.0    35.6    73.1    97.1    26.4    5409.3  2892.8  260.536398467433
3600    334.7   172.2   160.2   174.9   185.6   13.2    1751.2  6533.0  143.760399334443                                                                    
3800    171.2   97.6    53.2    75.0    87.8    15.1    4336.9  3035.1  264.654672083575                                                                    
4000    205.0   118.4   78.0    99.6    120.2   22.9    2706.7  3768.7  238.568588469185                                                                    
[root@domU-12-31-38-04-E1-51 loadtest]# nano ./autotest                                                                                                     
[root@domU-12-31-38-04-E1-51 loadtest]# ./autotest                                                                                                     
dem_req_rate    req_rate_www.bademjoon.com      con_rate_www.bademjoon.com      min_rep_rate_www.bademjoon.com  avg_rep_rate_www.bademjoon.com  
max_rep_rate_www.bademjoon.com      stddev_rep_rate_www.bademjoon.com       resp_time_www.bademjoon.com     net_io_www.bademjoon.com        
errors_www.bademjoon.com    
4000    295.3   154.4   93.6    163.4   204.1   60.7    2127.1  5703.1  176.991150442478                                                                    
4200    150.9   87.1    35.8    72.1    84.6    24.2    5115.3  2780.5  330.925804333552                                                                    
4400    275.9   144.9   62.8    148.6   182.4   57.4    1610.2  5377.1  175.765645805593                                                                    
4600    172.0   96.8    65.0    80.8    90.0    11.0    3762.9  3129.9  315.248429468875                                                                    
4800    329.7   170.3   131.2   177.6   204.6   40.4    2638.4  6433.8  195.918367346939                                                                    
5000    166.5   92.3    71.8    79.5    86.4    6.4     4305.7  3014.8  325.20325203252                                                                     
5200    324.0   165.9   130.5   171.9   192.9   35.9    2549.0  6318.2  210.313447927199                                                                    
5400    241.5   133.9   88.6    116.3   137.6   21.3    2788.7  4414.8  278.589853826311                                                                    
5600    181.0   105.6   79.4    86.3    90.0    4.8     3020.0  3318.9  365.019011406844                                                                    
5800    303.7   156.8   130.2   163.1   183.1   28.7    2426.1  5860.8  239.586919104991                                                                    
6000    170.9   98.6    66.6    78.3    84.0    7.9     4655.7  3090.3  395.821880153931                                                                    
6200    222.9   125.8   93.4    104.6   116.6   12.7    2829.0  4094.8  338.643604915794                                                                    
6400    223.0   120.8   106.8   113.3   121.0   6.0     4526.5  4281.5  336.546888694128                                                                    
6600    179.5   102.5   74.2    84.2    91.0    7.5     3881.9  3240.4  429.035752979415                                                                    
6800    285.4   148.8   78.6    143.6   190.4   55.3    2319.3  5492.7  283.136710617627                                                                    
7000    165.5   94.5    69.8    77.8    83.7    6.2     4699.1  3045.0  455.037919826652                                                                    
7200    294.0   153.4   84.0    149.2   194.3   52.4    2493.6  5716.1  288.866599799398
7400    304.8   159.9   131.2   156.6   174.0   22.5    2851.8  5863.0  303.901437371663
7600    180.6   106.6   76.3    83.1    101.2   12.1    3049.8  3020.0  514.382402707276
7800    274.9   145.4   67.8    134.3   186.0   52.4    2340.7  5162.6  347.309833024119
8000    179.9   103.9   75.8    82.5    85.4    4.5     4741.7  3082.7  521.172638436482
[root@domU-12-31-38-04-E1-51 loadtest]# 
[root@domU-12-31-38-04-E1-51 loadtest]# nano ./autotest 
[root@domU-12-31-38-04-E1-51 loadtest]# ./autotest 
dem_req_rate    req_rate_www.bademjoon.com      con_rate_www.bademjoon.com      min_rep_rate_www.bademjoon.com  avg_rep_rate_www.bademjoon.com  
max_rep_rate_www.bademjoon.com      stddev_rep_rate_www.bademjoon.com       resp_time_www.bademjoon.com     net_io_www.bademjoon.com        
errors_www.bademjoon.com
8000    146.3   82.6    29.6    66.5    89.8    26.2    5355.7  2622.4  309.477756286267
8400    239.6   124.8   78.8    128.9   184.0   54.9    2630.0  4645.1  195.57625145518
8800    159.3   91.2    64.8    76.0    81.8    7.8     4721.2  2873.3  309.495896834701
9200    302.8   155.5   99.0    158.2   192.6   51.4    2604.3  5866.3  201.901975128018
9600    181.3   105.0   75.6    83.6    90.6    6.4     3449.4  3280.4  315.789473684211
10000   286.9   150.9   99.6    157.1   189.2   49.9    2304.7  5569.2  216.763005780347
10400   178.2   101.6   80.6    84.4    90.0    4.0     3639.2  3243.6  349.579831932773
10800   288.5   154.4   105.8   153.4   185.0   42.0    2141.2  5591.2  252.82871634803
11200   152.6   88.4    45.8    69.0    89.6    18.7    5422.4  2794.0  400.238237045861
11600   294.2   155.0   116.6   152.6   173.8   31.3    2206.9  5663.1  263.337116912599
12000   233.7   130.8   84.9    111.3   128.8   18.9    2948.2  4214.2  306.90537084399
12400   173.1   102.6   72.7    82.1    91.4    9.6     4231.0  3260.8  404.128191200435
12800   313.9   166.0   118.3   165.0   194.0   40.8    2207.3  6085.2  267.969295184927
13200   171.8   98.0    78.2    81.4    85.2    2.9     4232.1  3103.0  427.415002698327
13600   262.0   138.6   69.8    135.2   181.4   51.9    2273.4  4893.8  299.010626603151
14000   233.9   131.6   85.8    110.2   122.4   16.5    2827.5  4233.2  363.793850151581
14400   148.2   84.6    27.2    68.4    87.8    28.3    5717.0  2694.7  542.713567839196
14800   250.8   133.8   76.8    137.0   189.8   54.5    2445.0  4779.1  323.379461034232
15200   171.8   99.9    74.2    81.5    89.4    6.7     3717.0  2939.6  505.263157894737
15600   283.6   145.6   77.4    142.1   187.6   51.2    2527.3  5456.8  327.616380819041
16000   342.0   178.9   164.6   170.6   176.2   5.8     2352.5  6568.2  314.650934119961
[root@domU-12-31-38-04-E1-51 loadtest]# ./autotest 
dem_req_rate    req_rate_www.bademjoon.com      con_rate_www.bademjoon.com      min_rep_rate_www.bademjoon.com  avg_rep_rate_www.bademjoon.com  
max_rep_rate_www.bademjoon.com      stddev_rep_rate_www.bademjoon.com       resp_time_www.bademjoon.com     net_io_www.bademjoon.com        
errors_www.bademjoon.com
8000    168.9   96.1    73.5    81.3    87.2    6.1     3798.8  3126.5  267.260579064588
8400    273.3   143.7   57.3    136.9   190.2   62.5    2341.2  5197.9  184.008762322015
8800    141.8   82.2    21.4    63.7    87.9    29.9    5586.9  2599.9  360.163710777626
9200    289.6   151.0   106.4   165.9   198.4   51.6    2630.9  5646.6  197.778573987818
9600    161.8   92.8    67.8    76.9    86.4    8.8     4114.7  2934.7  324.507042253521
10000   308.2   161.7   106.2   157.6   186.3   44.6    2437.3  5997.0  218.7386073642
10400   166.9   93.6    77.4    80.3    82.5    2.4     4674.0  3032.4  350.758853288364
10800   217.2   124.4   84.4    104.2   121.8   17.3    2672.2  3972.3  301.816488122962
11200   171.7   98.8    70.9    79.5    95.6    11.1    4482.7  3146.0  368.017524644031
11600   263.9   138.2   79.8    139.9   190.8   56.8    2337.3  5118.7  248.394004282655
12000   240.7   134.7   87.7    113.9   139.6   21.2    2677.3  4429.8  302.140159462862
12400   173.0   101.6   74.3    83.2    88.2    6.1     3489.8  2958.4  405.67066521265
12800   297.0   152.6   123.8   168.9   194.5   39.2    2606.1  5758.7  264.553909748536
13200   176.7   103.5   69.8    82.9    90.2    9.0     3493.4  3147.7  414.225941422594
13600   284.8   149.0   101.3   156.6   189.2   48.2    2622.2  5491.8  292.682926829268
14000   276.3   152.4   84.6    127.6   164.5   34.3    2891.0  4912.9  328.895849647612
14400   157.3   89.1    35.2    76.3    101.6   28.7    5100.3  2928.5  528.117359413203
14800   283.0   154.7   76.4    134.9   179.2   49.9    2320.3  5230.4  327.675276752768
15200   165.3   95.1    72.4    78.0    83.3    4.7     4956.6  2957.2  517.593643586833
15600   308.4   168.8   114.0   148.7   182.7   36.4    2216.7  5681.3  314.727639542703
16000   251.9   141.8   88.0    110.9   126.2   16.2    2811.1  4362.4  406.952098346757
[root@domU-12-31-38-04-E1-51 loadtest]# ./autotest 
dem_req_rate    req_rate_www.bademjoon.com      con_rate_www.bademjoon.com      min_rep_rate_www.bademjoon.com  avg_rep_rate_www.bademjoon.com  
max_rep_rate_www.bademjoon.com      stddev_rep_rate_www.bademjoon.com       resp_time_www.bademjoon.com     net_io_www.bademjoon.com        
errors_www.bademjoon.com
8000    166.1   94.5    74.0    77.7    85.0    5.0     4300.2  3090.4  270.118176702307
8400    270.1   146.9   102.2   152.2   182.8   43.7    2146.2  5203.5  210.26282853567
8800    151.4   86.4    41.6    66.5    84.4    21.4    5251.8  2807.9  338.244714926329
9200    279.5   149.6   109.1   136.5   165.6   28.3    2166.5  5137.8  226.787181594084
9600    105.0   72.3    23.6    45.9    55.6    12.7    5174.9  1024.7  501.305483028721
10000   388.5   201.0   206.0   214.7   224.8   9.5     1625.4  7443.2  177.147918511957
10400   319.2   171.0   132.1   161.8   198.8   34.0    2565.0  5977.8  222.222222222222
10800   275.8   147.6   19.0    138.3   195.0   81.1    2213.1  5210.7  233.766233766234
11200   322.9   170.7   133.4   166.7   192.4   30.2    2687.7  6102.9  235.62412342216
11600   348.2   181.7   65.6    179.7   251.8   79.8    2018.2  6580.2  193.387051958877
12000   297.5   158.0   139.4   154.0   175.5   19.0    2354.2  5757.1  264.414248990084
12400   370.0   194.1   186.4   205.8   238.8   28.7    1832.4  7109.4  228.641671788568
12800   315.5   166.8   127.2   168.4   192.3   35.9    2371.4  6061.6  264.918937564677
13200   416.5   215.2   179.2   232.4   276.6   49.3    1761.5  8056.3  210.302708443972
13600   286.8   149.7   93.2    144.5   180.0   41.6    2492.9  5547.8  282.060145178016
14000   323.0   168.3   70.0    170.9   251.8   75.3    2027.8  6256.7  243.407707910751
14400   257.9   141.1   92.8    122.1   158.4   28.8    2999.8  4619.0  350.081037277148
[root@domU-12-31-38-04-E1-51 loadtest]# nano ./autotest 
[root@domU-12-31-38-04-E1-51 loadtest]# ./autotest 
dem_req_rate    req_rate_www.bademjoon.com      con_rate_www.bademjoon.com      min_rep_rate_www.bademjoon.com  avg_rep_rate_www.bademjoon.com  
max_rep_rate_www.bademjoon.com      stddev_rep_rate_www.bademjoon.com       resp_time_www.bademjoon.com     net_io_www.bademjoon.com        
errors_www.bademjoon.com
18000   380.3   201.2   57.6    185.1   246.0   86.2    1703.7  7135.1  291.734197730956
18400   278.7   152.6   61.2    131.8   164.0   47.9    2663.8  4982.0  411.47968691763
18800   355.0   183.9   60.4    184.8   252.0   86.5    1753.7  6810.5  305.112253178253
19200   275.6   152.6   94.8    128.3   146.3   23.4    2753.9  5015.8  447.031431897555
19600   371.0   194.3   50.4    186.2   262.0   95.6    1808.0  7009.3  312.849162011173
20000   319.4   168.1   116.8   161.1   187.2   38.6    2619.0  6051.6  429.799426934097
20400   362.0   195.7   162.6   189.6   208.8   24.1    1945.7  6677.3  406.644518272425
20800   262.8   145.9   86.8    119.4   142.1   25.8    2307.7  4725.9  504.038772213247
21200   307.2   168.1   43.4    142.3   212.2   78.3    2072.0  5590.8  447.100175746924
21600   262.3   135.7   98.0    149.0   184.9   38.4    2783.1  5039.4  432.865731462926
22000   353.8   184.4   66.8    179.8   234.6   76.5    1838.5  6777.0  364.540182270091
22400   253.8   139.3   69.4    115.6   145.4   32.9    2900.3  4544.7  580.812445980985
22800   355.4   188.4   143.4   192.3   219.2   42.4    2435.7  6619.4  431.001890359168
23200   284.4   158.4   68.6    130.0   170.3   47.3    2435.6  5114.5  534.357005758157
23600   329.1   175.7   149.7   182.0   213.4   31.9    2203.1  6057.4  481.30523453433
24000   350.7   184.8   38.2    180.8   239.0   96.2    1731.2  6582.5  397.899972368057
[root@domU-12-31-38-04-E1-51 loadtest]# ./autotest 
dem_req_rate    req_rate_www.bademjoon.com      con_rate_www.bademjoon.com      min_rep_rate_www.bademjoon.com  avg_rep_rate_www.bademjoon.com  
max_rep_rate_www.bademjoon.com      stddev_rep_rate_www.bademjoon.com       resp_time_www.bademjoon.com     net_io_www.bademjoon.com        
errors_www.bademjoon.com
18000   584.6   302.4   314.0   333.9   367.0   28.8    886.7   11201.6 210.280373831776
18400   411.1   215.1   19.2    207.2   305.4   131.5   1439.6  7751.6  265.960009636232
18800   580.1   297.9   289.4   325.3   385.3   52.3    986.6   11147.4 220.183486238532
19200   327.0   181.9   163.6   165.3   168.7   2.9     2034.4  5727.8  400.417101147028
19600   521.5   268.3   293.2   317.9   354.2   32.1    884.7   10024.1 239.316239316239
20000   401.4   210.8   199.7   216.2   231.6   16.0    1616.2  7672.6  337.268128161889
20400   346.8   187.6   152.5   196.7   226.6   39.1    1733.4  6305.6  386.85208596713
20800   464.0   241.9   209.4   256.2   299.0   44.9    1360.6  8768.6  309.908120188726
21200   341.1   178.0   37.0    174.9   238.8   92.8    2019.0  6469.1  362.599771949829
21600   338.4   178.1   69.8    163.1   232.8   68.2    2277.4  6355.2  395.967002749771
22000   371.9   193.8   54.0    192.3   291.0   100.8   1711.6  7042.7  342.412451361868
22400   400.6   208.7   50.0    195.5   280.8   100.5   1488.0  7588.1  343.646126310407
22800   388.8   204.6   214.4   224.6   237.4   11.7    1906.2  7284.0  372.650503949877
23200   436.8   227.1   27.6    209.8   294.2   124.4   1211.4  8255.0  329.857819905213
23600   345.1   186.2   173.0   200.9   231.2   29.2    1585.6  6328.1  443.331246086412
24000   468.8   241.5   29.2    231.4   355.6   142.2   1234.6  8997.3  310.947959404016
[root@domU-12-31-38-04-E1-51 loadtest]# ./autotest 
dem_req_rate    req_rate_www.bademjoon.com      con_rate_www.bademjoon.com      min_rep_rate_www.bademjoon.com  avg_rep_rate_www.bademjoon.com  
max_rep_rate_www.bademjoon.com      stddev_rep_rate_www.bademjoon.com       resp_time_www.bademjoon.com     net_io_www.bademjoon.com        
errors_www.bademjoon.com
18000   265.5   141.4   65.0    124.7   172.4   49.6    2273.0  4937.5  427.892234548336
18400   520.0   268.5   255.6   283.5   326.8   38.0    1181.6  9940.6  245.169886742172
18800   393.3   201.7   66.8    193.5   266.0   88.3    1678.0  7558.8  290.871583290356
19200   520.1   269.4   223.9   293.3   360.6   68.4    1034.8  9902.3  253.186813186813
19600   273.1   145.2   73.5    158.8   216.0   61.1    1963.5  5183.4  370.044052863436
20000   424.7   222.5   209.2   243.8   290.0   41.6    1760.7  8049.5  298.210735586481
20400   410.0   211.6   188.0   229.4   252.0   35.9    1637.7  7853.3  332.608695652174
20800   376.0   198.2   198.2   216.5   237.8   20.0    1673.9  7099.9  358.93011216566
21200   412.0   217.5   198.0   228.6   261.0   31.5    1506.0  7835.7  335.797254487856
21600   570.1   294.2   291.7   323.2   363.1   36.5    957.1   10947.8 260.345520289273
22000   399.9   211.8   198.8   224.0   259.4   31.5    1848.2  7430.8  361.544782251438
22400   337.7   176.1   58.2    198.4   261.1   95.1    1673.2  6509.5  337.603617181613


